+917010493945
+919176810265
+919025233212
+917397383983
+918637481087
+919791384342
+919345551907
+916383218621
+916374216133
+919176425702
+917337420521
+918778648848
+918838214907
+917358421215
+916383996170
+916379882926
+919444668140
+919361092332
+918248374651
+919360829187
+919952484424
+919345274812
+916380734857
+919159107279
+918667385370
+919176479431
+919363275975
+918939170598
+919080979951
+919361554977
+917200860366
+919361507709
+919342045646
+917395902949
+916381905654
+919840954895
+917358280310
+917825054279
+917397386071
+919566239567
+919345859546
+917358733362
+919962487287
+918220245635
+918870682457
+918122163953
+919103005922
+918184869993
+919347158585
+917358277961
+916369253954
+919597103587
+919790778113
+918072455326
+919705441594
+919789828709
+919885106000
+918778500584
+916374836302
+918637465559
+919710745354
+919080183801
+918056108704
+919444375899
+919514421383
+919092536076
+917092655386
+919043046372
+919442312134
+919677555675
+916379202047
+917550181239
+919908814887
+919962656564
+918939279061
+919791150465
+919150890969
+919962338185
+918610362280
+919502941037
+917305154096
+917395982947
+919159478581
+919626193052
+918610818990
+919159290915
+918125762003
+916304468683
+918925384184
+919344845669
+919710491593
+917092097170
+919789858837
+917550005350
+919150768114
+919047288254
+917305581029
+918680981313
+918939620400
+919176114554
+918778847543
+919566549092
+919710292987
+917397293367
+919710428885
+917695848554
+919884573374
+916381358785
+919150545345
+918667018929
+916379647991
+919047166789
+917010503855
+919445697951
+917305459900
+918248141411
+917200996506
+916380326687
+919791192961
+918778648949
+918946093246
+919360846016
+919941007239
+919344494721
+919042750121
+919884983822
+916369312583
+918925421036
+919962149465
+918072897651
+919360870559
+919789640882
+917550129290
+919789575454
+918667603860
+918925264340
+919498352893